{
 "cells": [
  {
   "cell_type": "code",
   "execution_count": null,
   "id": "43e7c681",
   "metadata": {},
   "outputs": [
    {
     "name": "stdout",
     "output_type": "stream",
     "text": [
      "\n",
      "Test 1: 15x20\n",
      "Error: 9.802476796639857e-14\n",
      "\n",
      "Test 2: 25x10\n",
      "Error: 3.89531971464688e-14\n"
     ]
    },
    {
     "name": "stderr",
     "output_type": "stream",
     "text": [
      "C:\\Users\\natha\\AppData\\Local\\Temp\\ipykernel_22708\\66084638.py:36: ComplexWarning: Casting complex values to real discards the imaginary part\n",
      "  V_sorted[:, i] = V[:, old_index]\n",
      "C:\\Users\\natha\\AppData\\Local\\Temp\\ipykernel_22708\\66084638.py:51: ComplexWarning: Casting complex values to real discards the imaginary part\n",
      "  U[:, i] = (A @ V[:, i]) / singular_values[i]\n",
      "C:\\Users\\natha\\AppData\\Local\\Temp\\ipykernel_22708\\66084638.py:72: ComplexWarning: Casting complex values to real discards the imaginary part\n",
      "  S[i, i] = singular_values[i]\n"
     ]
    },
    {
     "data": {
      "text/plain": [
       "(array([[ 0.01815289,  0.15185896, -0.10147172,  0.48381335,  0.03458641,\n",
       "         -0.09322999, -0.30193561,  0.0698877 ,  0.19153114,  0.00850159,\n",
       "          0.03469243,  0.37616665, -0.10649988, -0.15034673,  0.38848955,\n",
       "          0.01519353,  0.021566  ,  0.17353521, -0.13093842, -0.18496357,\n",
       "         -0.22954463, -0.32661266, -0.05317586, -0.13054522, -0.02377078],\n",
       "        [ 0.14703637,  0.22163674, -0.32028654, -0.06286393, -0.27554149,\n",
       "          0.17442081, -0.0867627 , -0.13783813, -0.18111363,  0.00192237,\n",
       "          0.13436184, -0.01384145, -0.15301482, -0.29857816, -0.10867408,\n",
       "         -0.1308279 ,  0.31043295, -0.00554355, -0.00926921,  0.13243801,\n",
       "          0.03890932, -0.16786371, -0.33471728,  0.46585005, -0.15665605],\n",
       "        [ 0.29151443, -0.02051375, -0.28299021, -0.21995408,  0.01953911,\n",
       "          0.06708634,  0.49747464, -0.21872836,  0.39395733, -0.2690422 ,\n",
       "          0.1411625 , -0.16388061,  0.02224247,  0.01421079,  0.30330887,\n",
       "         -0.03205941, -0.08165524,  0.02150452,  0.00964568, -0.20653313,\n",
       "         -0.19343682, -0.04129293, -0.13728681, -0.09706725, -0.02382526],\n",
       "        [-0.20232595,  0.1157673 , -0.04657879,  0.01544466,  0.34771284,\n",
       "          0.31643665,  0.06352829, -0.02871541, -0.20839747, -0.05703395,\n",
       "          0.32880803,  0.27165186,  0.11876115,  0.24275047,  0.10002066,\n",
       "         -0.07425894, -0.07887832, -0.26975038,  0.4747024 , -0.08854941,\n",
       "          0.00266438, -0.18795484,  0.08646061,  0.11739276, -0.17735228],\n",
       "        [ 0.39424651, -0.10630471, -0.21663408, -0.1117937 , -0.09310166,\n",
       "          0.01483772, -0.16634642, -0.02542306, -0.15469418,  0.16849386,\n",
       "         -0.18298355,  0.29630426,  0.28055635,  0.27709421,  0.08485535,\n",
       "          0.21236604,  0.04859722, -0.03470858,  0.19484372,  0.25310487,\n",
       "         -0.02189058,  0.09996418, -0.37439246, -0.31433468,  0.01422143],\n",
       "        [-0.01948024,  0.06453706, -0.1409343 , -0.0339156 , -0.07787566,\n",
       "         -0.05648823, -0.15266616, -0.159613  ,  0.1401829 ,  0.00247679,\n",
       "          0.02102176,  0.02770049, -0.09147511,  0.29334276, -0.58508748,\n",
       "         -0.27112207, -0.0774739 ,  0.34820015,  0.10698509, -0.15859036,\n",
       "         -0.23613917, -0.06223133,  0.03851859, -0.21717784, -0.33639043],\n",
       "        [ 0.04430956,  0.22991869,  0.3613236 ,  0.02642876, -0.02448334,\n",
       "         -0.02064707, -0.12064566, -0.30450939,  0.10557144, -0.19203463,\n",
       "          0.22582117, -0.04443014,  0.3893375 , -0.25430571, -0.19699236,\n",
       "          0.20256568,  0.40401407, -0.20947473,  0.03617307, -0.03226392,\n",
       "         -0.18999182,  0.02553567,  0.03653162, -0.24676974,  0.00962552],\n",
       "        [ 0.38683759,  0.17394055, -0.16105494,  0.22812158,  0.24059823,\n",
       "          0.00855103,  0.03307451, -0.0599457 , -0.23107634, -0.08363107,\n",
       "         -0.34772174, -0.18445806,  0.35352065,  0.13162299, -0.17392392,\n",
       "          0.03570677, -0.0664196 ,  0.01099799, -0.15823912, -0.16006268,\n",
       "         -0.04314386, -0.26886094,  0.26067059,  0.25501811,  0.16733321],\n",
       "        [ 0.1962405 , -0.30756086, -0.25894134,  0.28199212, -0.14042467,\n",
       "          0.0999106 ,  0.1603105 ,  0.20904803,  0.03457484,  0.1115945 ,\n",
       "          0.08822708,  0.23954213,  0.04992311, -0.26805056, -0.20803535,\n",
       "         -0.09373457, -0.00322882, -0.32636238, -0.01715888, -0.04258623,\n",
       "         -0.25438707,  0.36514821,  0.31032378,  0.02873524, -0.11044985],\n",
       "        [ 0.07578231, -0.03274754,  0.11399358, -0.01086095,  0.15362879,\n",
       "          0.30661401, -0.07847217, -0.31694768, -0.19807423,  0.33043882,\n",
       "          0.27363575, -0.09813587, -0.10753464,  0.08306943,  0.15254081,\n",
       "          0.08930664, -0.06691161,  0.32475521, -0.17618713,  0.1539591 ,\n",
       "         -0.44184706,  0.24668454,  0.11461461,  0.1176074 ,  0.15958374],\n",
       "        [ 0.30939536,  0.1714851 , -0.02292101,  0.04479557,  0.38504106,\n",
       "          0.00686899, -0.19245969,  0.07179776, -0.01615989, -0.29528169,\n",
       "          0.14523201,  0.00261429, -0.08855682, -0.37866619, -0.10135334,\n",
       "          0.0479283 , -0.34618799,  0.24103636,  0.16059045,  0.0927668 ,\n",
       "          0.27625482,  0.32713592, -0.06722429, -0.07192168, -0.06417332],\n",
       "        [ 0.10601562, -0.06034245, -0.26805691, -0.4208364 ,  0.18690024,\n",
       "         -0.26203523, -0.10032148,  0.13974961,  0.02270888,  0.29052447,\n",
       "          0.35322529, -0.0161388 ,  0.01880797, -0.1428781 , -0.04022081,\n",
       "          0.17221424,  0.04665233, -0.0233655 , -0.16049474,  0.13831767,\n",
       "          0.09391195, -0.37049485,  0.35056535, -0.14133797, -0.06640783],\n",
       "        [-0.12261858, -0.19545115,  0.01464489, -0.14134549,  0.43662325,\n",
       "          0.02525643, -0.00130464,  0.10391885,  0.20137032,  0.0428704 ,\n",
       "         -0.08091631,  0.21059521,  0.34484435,  0.02485863,  0.01678179,\n",
       "         -0.11375428,  0.35132657,  0.22588935, -0.29958554, -0.11884609,\n",
       "          0.08165378,  0.21320095, -0.18216587,  0.25879696, -0.26045061],\n",
       "        [ 0.28772209, -0.18928227,  0.1601979 ,  0.12928336, -0.00898268,\n",
       "          0.06294195, -0.07808872, -0.32196059,  0.14592466, -0.26632431,\n",
       "          0.09805233,  0.22029899, -0.31386634,  0.35176714, -0.01114099,\n",
       "          0.06244552,  0.09301864, -0.17982742, -0.29694438,  0.20515667,\n",
       "          0.32316048, -0.04049419,  0.1994206 ,  0.08198096, -0.15732125],\n",
       "        [ 0.03798013,  0.17776443,  0.03805123, -0.03693897,  0.14487154,\n",
       "         -0.231941  ,  0.47298957, -0.02148998, -0.4227459 , -0.08864219,\n",
       "         -0.18032763,  0.26546752, -0.31560523, -0.06591953,  0.02942697,\n",
       "          0.01672024,  0.38344252,  0.20393065,  0.05499291,  0.02333163,\n",
       "         -0.06717264,  0.06976423,  0.15278444, -0.20148697, -0.07082147],\n",
       "        [ 0.05875798,  0.41660124,  0.11480434,  0.12314268,  0.09411179,\n",
       "         -0.08857951,  0.12114343,  0.1465675 ,  0.20961775,  0.26000948,\n",
       "         -0.16081071, -0.22585606, -0.0601352 ,  0.10426159,  0.08826753,\n",
       "          0.19700033, -0.09646247, -0.20688698, -0.01969278,  0.28986177,\n",
       "         -0.16029497,  0.08588464, -0.02904376,  0.09080937, -0.56000682],\n",
       "        [ 0.24939103, -0.00473138,  0.19729529, -0.00771815, -0.29834623,\n",
       "         -0.17099914,  0.02122937,  0.06326776,  0.17598974,  0.17240907,\n",
       "          0.10527644,  0.08027384,  0.0724445 ,  0.08529474,  0.09837158,\n",
       "          0.24637395,  0.1106344 ,  0.33399471,  0.44199896, -0.25804656,\n",
       "          0.16224321,  0.08088425,  0.24063874,  0.3712623 , -0.02481734],\n",
       "        [ 0.16185652,  0.00395239,  0.19742765, -0.00316605,  0.07878031,\n",
       "         -0.32295477,  0.08511036,  0.29011614, -0.15323771, -0.05218484,\n",
       "          0.36019851,  0.07721349, -0.1510553 ,  0.21843829, -0.23823115,\n",
       "          0.16071333, -0.10844999, -0.17328592, -0.18996561, -0.25605364,\n",
       "         -0.21365435, -0.0016948 , -0.42127363,  0.17333094,  0.1457743 ],\n",
       "        [-0.17228357, -0.06677793, -0.00149889,  0.05062013, -0.16696399,\n",
       "          0.40832206,  0.24482545,  0.01845221, -0.1022723 , -0.00223312,\n",
       "         -0.01615559,  0.12021243,  0.06043828, -0.12773653, -0.19267415,\n",
       "          0.59759152, -0.19723086,  0.19531312, -0.22001823, -0.16514401,\n",
       "          0.14681446, -0.16606838, -0.07993709, -0.10716355, -0.2220149 ],\n",
       "        [-0.12327614,  0.14460048, -0.34211072,  0.28326255, -0.10009373,\n",
       "         -0.14967242, -0.04635067, -0.08601118, -0.23453361,  0.07954712,\n",
       "          0.29997804, -0.3031948 ,  0.10173861,  0.22486825,  0.16840392,\n",
       "          0.02163507,  0.14313848, -0.01273023, -0.16030635, -0.27404364,\n",
       "          0.33007182,  0.3302818 ,  0.00550338, -0.19411634, -0.1202649 ],\n",
       "        [ 0.07145189, -0.23427695, -0.03715566,  0.37233898,  0.32313687,\n",
       "          0.16092045,  0.13599871,  0.05296469,  0.22340472,  0.26963468,\n",
       "          0.03375839, -0.29142317, -0.23432404,  0.00284617, -0.21951805,\n",
       "          0.0939816 ,  0.34022338,  0.03075657,  0.26208877,  0.05457434,\n",
       "          0.13729189, -0.16739834, -0.1950338 , -0.13064813,  0.19343465],\n",
       "        [-0.057969  ,  0.17426051, -0.21718915, -0.16971511, -0.02268468,\n",
       "          0.30472113, -0.24469932,  0.45965796,  0.11646101, -0.37158036,\n",
       "         -0.0469557 , -0.10306176, -0.17793783,  0.24014704,  0.0056036 ,\n",
       "          0.25826654,  0.30229914,  0.03050909,  0.00257476,  0.01214127,\n",
       "         -0.18697564,  0.14971305,  0.18265965, -0.00107818,  0.14842296],\n",
       "        [ 0.18955565,  0.40552141,  0.19198084,  0.00903667, -0.15476305,\n",
       "          0.30901901,  0.2386171 ,  0.29648866,  0.12400533,  0.19880194,\n",
       "          0.19394168,  0.16591532,  0.14998714,  0.10107807, -0.05777822,\n",
       "         -0.37710889,  0.0069708 ,  0.11078321, -0.20382507,  0.10618695,\n",
       "          0.23513455, -0.03190104,  0.02576618, -0.18276967,  0.2111283 ],\n",
       "        [ 0.32772235, -0.12892363,  0.28707147, -0.2121845 ,  0.01740999,\n",
       "          0.2744704 , -0.22440868,  0.11634606, -0.20969267,  0.13764847,\n",
       "         -0.15026464, -0.19393803, -0.19251501, -0.10404428,  0.16479176,\n",
       "         -0.16934082,  0.07922477, -0.15723054, -0.01847642, -0.47748571,\n",
       "          0.01801733, -0.06223114, -0.00405176, -0.19772005, -0.28203426],\n",
       "        [-0.0755934 ,  0.34026668, -0.16089281, -0.19896359,  0.1378454 ,\n",
       "          0.03390469, -0.06521395, -0.29719183,  0.2351899 ,  0.32019823,\n",
       "         -0.22180893,  0.26828313, -0.23643876, -0.0396069 , -0.13620994,\n",
       "          0.14148364, -0.0499606 , -0.27026082, -0.034825  , -0.33305766,\n",
       "          0.12606352,  0.21204952,  0.0016065 ,  0.04333023,  0.27355298]]),\n",
       " array([[15.4200935 ,  0.        ,  0.        ,  0.        ,  0.        ,\n",
       "          0.        ,  0.        ,  0.        ,  0.        ,  0.        ],\n",
       "        [ 0.        , 13.01272287,  0.        ,  0.        ,  0.        ,\n",
       "          0.        ,  0.        ,  0.        ,  0.        ,  0.        ],\n",
       "        [ 0.        ,  0.        , 10.85544847,  0.        ,  0.        ,\n",
       "          0.        ,  0.        ,  0.        ,  0.        ,  0.        ],\n",
       "        [ 0.        ,  0.        ,  0.        ,  8.97390993,  0.        ,\n",
       "          0.        ,  0.        ,  0.        ,  0.        ,  0.        ],\n",
       "        [ 0.        ,  0.        ,  0.        ,  0.        ,  8.85937135,\n",
       "          0.        ,  0.        ,  0.        ,  0.        ,  0.        ],\n",
       "        [ 0.        ,  0.        ,  0.        ,  0.        ,  0.        ,\n",
       "          7.0555305 ,  0.        ,  0.        ,  0.        ,  0.        ],\n",
       "        [ 0.        ,  0.        ,  0.        ,  0.        ,  0.        ,\n",
       "          0.        ,  6.10176419,  0.        ,  0.        ,  0.        ],\n",
       "        [ 0.        ,  0.        ,  0.        ,  0.        ,  0.        ,\n",
       "          0.        ,  0.        ,  5.59667504,  0.        ,  0.        ],\n",
       "        [ 0.        ,  0.        ,  0.        ,  0.        ,  0.        ,\n",
       "          0.        ,  0.        ,  0.        ,  4.89366338,  0.        ],\n",
       "        [ 0.        ,  0.        ,  0.        ,  0.        ,  0.        ,\n",
       "          0.        ,  0.        ,  0.        ,  0.        ,  3.12197512],\n",
       "        [ 0.        ,  0.        ,  0.        ,  0.        ,  0.        ,\n",
       "          0.        ,  0.        ,  0.        ,  0.        ,  0.        ],\n",
       "        [ 0.        ,  0.        ,  0.        ,  0.        ,  0.        ,\n",
       "          0.        ,  0.        ,  0.        ,  0.        ,  0.        ],\n",
       "        [ 0.        ,  0.        ,  0.        ,  0.        ,  0.        ,\n",
       "          0.        ,  0.        ,  0.        ,  0.        ,  0.        ],\n",
       "        [ 0.        ,  0.        ,  0.        ,  0.        ,  0.        ,\n",
       "          0.        ,  0.        ,  0.        ,  0.        ,  0.        ],\n",
       "        [ 0.        ,  0.        ,  0.        ,  0.        ,  0.        ,\n",
       "          0.        ,  0.        ,  0.        ,  0.        ,  0.        ],\n",
       "        [ 0.        ,  0.        ,  0.        ,  0.        ,  0.        ,\n",
       "          0.        ,  0.        ,  0.        ,  0.        ,  0.        ],\n",
       "        [ 0.        ,  0.        ,  0.        ,  0.        ,  0.        ,\n",
       "          0.        ,  0.        ,  0.        ,  0.        ,  0.        ],\n",
       "        [ 0.        ,  0.        ,  0.        ,  0.        ,  0.        ,\n",
       "          0.        ,  0.        ,  0.        ,  0.        ,  0.        ],\n",
       "        [ 0.        ,  0.        ,  0.        ,  0.        ,  0.        ,\n",
       "          0.        ,  0.        ,  0.        ,  0.        ,  0.        ],\n",
       "        [ 0.        ,  0.        ,  0.        ,  0.        ,  0.        ,\n",
       "          0.        ,  0.        ,  0.        ,  0.        ,  0.        ],\n",
       "        [ 0.        ,  0.        ,  0.        ,  0.        ,  0.        ,\n",
       "          0.        ,  0.        ,  0.        ,  0.        ,  0.        ],\n",
       "        [ 0.        ,  0.        ,  0.        ,  0.        ,  0.        ,\n",
       "          0.        ,  0.        ,  0.        ,  0.        ,  0.        ],\n",
       "        [ 0.        ,  0.        ,  0.        ,  0.        ,  0.        ,\n",
       "          0.        ,  0.        ,  0.        ,  0.        ,  0.        ],\n",
       "        [ 0.        ,  0.        ,  0.        ,  0.        ,  0.        ,\n",
       "          0.        ,  0.        ,  0.        ,  0.        ,  0.        ],\n",
       "        [ 0.        ,  0.        ,  0.        ,  0.        ,  0.        ,\n",
       "          0.        ,  0.        ,  0.        ,  0.        ,  0.        ]]),\n",
       " array([[-0.34673494, -0.29297477, -0.06581319, -0.41262437,  0.02784518,\n",
       "         -0.49049136,  0.14097005, -0.09608413, -0.44639577, -0.38680666],\n",
       "        [-0.00710875, -0.1939191 ,  0.15301012,  0.07314874, -0.64735593,\n",
       "         -0.43136519, -0.36045915,  0.16131656, -0.03119323,  0.41413711],\n",
       "        [-0.31747912,  0.6183832 ,  0.30057545,  0.09791275,  0.14084696,\n",
       "         -0.09469545,  0.09411501,  0.45873984, -0.38175948,  0.15176114],\n",
       "        [-0.67729204, -0.00312851, -0.03771565,  0.24580527, -0.18299563,\n",
       "          0.29921789,  0.04637111, -0.54129931, -0.09906615,  0.22679269],\n",
       "        [-0.09814537,  0.17428667,  0.50413364,  0.12973719, -0.28601362,\n",
       "          0.04790638, -0.24949949, -0.08598351,  0.23669805, -0.69227252],\n",
       "        [ 0.04031128,  0.6010521 , -0.64393283, -0.1710584 , -0.24847544,\n",
       "         -0.12533391, -0.26743571, -0.15666149,  0.01918564, -0.13899466],\n",
       "        [ 0.12180807, -0.22110924, -0.15985241,  0.27273374,  0.07630152,\n",
       "          0.35001167, -0.53828576,  0.14240422, -0.60571179, -0.17632252],\n",
       "        [-0.23621226, -0.08706317,  0.0067525 , -0.66432147, -0.23910944,\n",
       "          0.53430546, -0.08145057,  0.36390607,  0.10593144,  0.0481271 ],\n",
       "        [ 0.09399468,  0.14177979,  0.3646974 , -0.40824449,  0.39325436,\n",
       "         -0.07409338, -0.50542382, -0.42805263, -0.03541217,  0.26705918],\n",
       "        [-0.47904164, -0.16106936, -0.23040326,  0.16099776,  0.40699092,\n",
       "         -0.20823014, -0.39189014,  0.30565665,  0.45656004, -0.03342878]]))"
      ]
     },
     "execution_count": 10,
     "metadata": {},
     "output_type": "execute_result"
    }
   ],
   "source": [
    "#Nathaniel Graf\n",
    "#12208076\n",
    "\n",
    "#Problem 1\n",
    "\n",
    "import numpy as np\n",
    "\n",
    "def svd_form(a):\n",
    "\n",
    "    #Convert to numpy array\n",
    "    A = np.array(a, dtype=float)\n",
    "   \n",
    "    m = len(A) \n",
    "    n = len(A[0]) \n",
    "    \n",
    "    #Calculate ATA\n",
    "    ATA = A.T @ A\n",
    "    \n",
    "    #Get eigenvectors and values \n",
    "    eigenvalues, V = np.linalg.eig(ATA)\n",
    "    \n",
    "   #Sort eigenvalues big to small and make index pair combos\n",
    "    eig_list = []\n",
    "    for i in range(len(eigenvalues)):\n",
    "        eig_list.append((eigenvalues[i], i))\n",
    "        \n",
    "    eig_list.sort(reverse=True)\n",
    "    \n",
    "    \n",
    "    #Reorder V\n",
    "    singular_values = []\n",
    "    V_sorted = np.zeros((n, n))\n",
    "    \n",
    "    #Get\n",
    "    for i in range(len(eig_list)):\n",
    "        eig, old_index = eig_list[i]\n",
    "        \n",
    "        #Move the column at the old index to the new position\n",
    "        V_sorted[:, i] = V[:, old_index]\n",
    "        \n",
    "        #Get singular value if positive\n",
    "        if eig > 0:\n",
    "            singular_values.append(np.sqrt(eig))\n",
    "        else: \n",
    "            singular_values.append(0.0)\n",
    "    \n",
    "    \n",
    "    V = V_sorted\n",
    "    \n",
    "    #Build U matrix using A and V, formula A*V*(1/singular_value)\n",
    "    U = np.zeros((m, m))\n",
    "    for i in range(min(m, n)):\n",
    "        if singular_values[i] > 1e-10:\n",
    "            U[:, i] = (A @ V[:, i]) / singular_values[i]\n",
    "    \n",
    "    #If m > n, fill in remaining columns of U\n",
    "    if m > len(singular_values):\n",
    "        #Use random vectors and make them orthogonal\n",
    "        for i in range(len(singular_values), m):\n",
    "            \n",
    "            vec = np.random.randn(m)\n",
    "            \n",
    "            #Make orthogonal to prev columns\n",
    "            for j in range(i):\n",
    "                vec = vec - np.dot(vec, U[:, j]) * U[:, j]\n",
    "                \n",
    "            #Normalize\n",
    "            vec = vec / np.linalg.norm(vec)\n",
    "            U[:, i] = vec\n",
    "    \n",
    "    #Create sigma matrix, singular values along diagonal in order\n",
    "    S = np.zeros((m, n))\n",
    "    for i in range(min(m, n)):\n",
    "        if i < len(singular_values):\n",
    "            S[i, i] = singular_values[i]\n",
    "\n",
    "    VT = V.T\n",
    "    \n",
    "    #Check completion by calc error\n",
    "    reconstructed = U @ S @ VT\n",
    "\n",
    "    error = np.linalg.norm(A - reconstructed)\n",
    "    \n",
    "    print(f\"Error: {error}\")\n",
    "    \n",
    "    return U, S, VT\n",
    "\n",
    "\n",
    "#Test cases\n",
    "print(\"\\nTest 1: 15x20\")\n",
    "a = np.random.randint(low=-3, high=3, size=(15, 20))\n",
    "svd_form(a)\n",
    "\n",
    "print(\"\\nTest 2: 25x10\")\n",
    "b = np.random.randint(low=-3, high=3, size=(25, 10))\n",
    "svd_form(b)\n"
   ]
  },
  {
   "cell_type": "code",
   "execution_count": 11,
   "id": "5e236603",
   "metadata": {},
   "outputs": [
    {
     "data": {
